1 0.5578125 0.50546875 0.10078125 0.24140625
1 0.49296875 0.503125 0.8125 0.21953125
1 0.85234375 0.50546875 0.090625 0.1921875
1 0.76171875 0.50546875 0.090625 0.20859375
1 0.6625 0.5 0.09375 0.203125
1 0.4546875 0.50546875 0.09375 0.20859375
1 0.37578125 0.5 0.0578125 0.1921875
1 0.31953125 0.5109375 0.05390625 0.203125
1 0.27109375 0.525 0.046875 0.18671875
1 0.21640625 0.521875 0.06484375 0.16484375
1 0.16953125 0.5359375 0.0359375 0.159375
1 0.13359375 0.521875 0.0328125 0.15390625
1 0.11015625 0.5359375 0.0328125 0.13203125