1 0.36328125 0.59296875 0.63984375 0.26328125
1 0.65 0.63828125 0.06640625 0.1421875
1 0.5703125 0.62265625 0.06328125 0.1421875
1 0.49609375 0.6109375 0.06015625 0.1359375
1 0.43046875 0.60703125 0.05859375 0.11875
1 0.3109375 0.584375 0.05859375 0.1140625
1 0.21796875 0.57109375 0.0484375 0.08828125
1 0.259375 0.57890625 0.03515625 0.09453125
1 0.1 0.5484375 0.0515625 0.08203125
1 0.3671875 0.5765625 0.0515625 0.103125
1 0.86171875 0.64453125 0.06484375 0.13828125
1 0.90859375 0.63671875 0.0453125 0.13984375